Quantidade: 3
Soma: 1.625000
Quantidade: 3
Soma: 1.625000
Quantidade: 5
Soma: 1.664062
Quantidade: 7
Soma: 1.666503
